City_ID,City,Lat,Lng,Max Temp,Humidity,Cloudiness,Wind Speed,Country,Date
0,tralee,52.2704,-9.7026,11.14,96,100,2.93,IE,1698799956
1,waitangi,-43.9535,-176.5597,14.34,95,100,4.92,NZ,1698799880
2,adamstown,-25.066,-130.1015,22.63,67,3,4.16,PN,1698799876
3,port-aux-francais,-49.35,70.2167,4.11,91,100,12.79,TF,1698799877
4,west island,-12.1568,96.8225,26.99,74,40,7.72,CC,1698799934
5,yellowknife,62.456,-114.3525,-5.71,73,75,1.54,CA,1698799902
6,jilma,35.2731,9.4239,17.79,81,47,2.01,TN,1698800099
7,susuman,62.7833,148.1667,-17.23,99,99,1.34,RU,1698800008
8,vilyuchinsk,52.9306,158.4028,2.15,68,90,0.42,RU,1698799890
9,san fernando de apure,7.8878,-67.4724,26.23,86,94,1.31,VE,1698800100
10,petauke,-14.2426,31.3253,18.91,82,77,4.63,ZM,1698800101
11,saint-francois,46.4154,3.9054,10.36,93,0,1.54,FR,1698800101
12,kapuskasing,49.4169,-82.4331,-3.95,86,100,4.12,CA,1698799898
13,edinburgh of the seven seas,-37.0676,-12.3116,13.64,93,33,7.36,SH,1698799927
14,shubarshi,48.5872,57.1869,6.62,93,8,3.44,KZ,1698800102
15,vadso,70.0744,29.7487,-0.91,86,75,4.63,NO,1698800103
16,soure,-0.7167,-48.5233,27.48,76,4,5.4,BR,1698800103
17,adrar,20.5022,-10.0711,27.09,14,3,2.98,MR,1698800104
18,puerto ayora,-0.7393,-90.3518,24.19,92,16,1.79,EC,1698799912
19,nantucket,41.2835,-70.0995,7.86,66,20,2.06,US,1698799926
20,pathri,19.25,76.45,18.13,74,7,1.51,IN,1698800104
21,stanley,54.868,-1.6985,6.51,92,75,2.57,GB,1698799935
22,bayanhongor,46.7167,100.1167,-1.62,77,69,1.27,MN,1698800105
23,jamestown,42.097,-79.2353,2.8,69,100,3.09,US,1698799614
24,horta,38.5333,-28.6333,19.45,79,98,7.15,PT,1698799935
25,blackmans bay,-43.0167,147.3167,18.74,51,10,0.89,AU,1698799879
26,tazacorte,28.629,-17.9293,22.54,79,75,2.57,ES,1698799947
27,salinas,36.6777,-121.6555,23.34,43,100,1.39,US,1698800106
28,tual,-5.6667,132.75,27.55,77,100,5.32,ID,1698799989
29,angol,-37.8,-72.7167,9.19,69,100,2.13,CL,1698800107
30,crane,31.3974,-102.3501,9.71,28,0,3.45,US,1698799966
31,avanigadda,16.0215,80.9181,24.41,87,99,2.46,IN,1698800107
32,carutapera,-1.195,-46.02,26.3,79,9,3.23,BR,1698800108
33,flin flon,54.7682,-101.865,-3.6,97,88,2.28,CA,1698800108
34,cidade velha,14.9167,-23.6167,26.26,83,75,5.66,CV,1698800109
35,georgetown,5.4112,100.3354,27.96,93,20,2.24,MY,1698799853
36,durham,36.0335,-78.8664,8.01,92,100,2.0,US,1698800109
37,sao jose da coroa grande,-8.8978,-35.1478,24.53,75,27,3.08,BR,1698800110
38,margaret river,-33.95,115.0667,18.85,51,2,2.92,AU,1698799682
39,lata,40.1629,-8.3327,18.23,94,100,3.43,PT,1698800042
40,hakui,36.8833,136.7833,20.7,64,0,3.88,JP,1698800110
41,luau,-10.7073,22.2247,18.39,96,47,1.21,AO,1698800111
42,fort saskatchewan,53.7168,-113.2187,5.43,48,100,3.09,CA,1698800111
43,thompson,55.7435,-97.8558,-2.91,93,100,3.6,CA,1698799933
44,mwinilunga,-11.7358,24.4293,17.91,89,100,1.16,ZM,1698800112
45,parun,35.4207,70.9221,3.02,72,94,1.47,AF,1698800113
46,san pedro pochutla,15.7333,-96.4667,23.61,91,93,1.16,MX,1698800113
47,yeed,4.55,43.0333,25.88,72,38,4.48,SO,1698800113
48,papatowai,-46.5619,169.4708,16.73,63,39,3.66,NZ,1698799940
49,lebu,-37.6167,-73.65,8.87,72,94,5.81,CL,1698799622
50,kerikeri,-35.2268,173.9474,23.84,70,100,0.89,NZ,1698799985
51,thinadhoo,0.5333,72.9333,27.38,78,96,4.28,MV,1698800115
52,kavaratti,10.5669,72.642,27.81,71,90,1.28,IN,1698799958
53,ushuaia,-54.8,-68.3,5.81,65,40,8.75,AR,1698799624
54,hawaiian paradise park,19.5933,-154.9731,28.73,73,0,5.14,US,1698799904
55,richlands,37.0932,-81.7937,6.98,75,75,3.09,US,1698800116
56,mount pearl,47.5166,-52.7813,2.63,85,20,4.63,CA,1698800031
57,margate,51.3813,1.3862,12.95,93,100,2.24,GB,1698799891
58,atafu village,-8.5421,-172.5159,26.56,84,100,6.82,TK,1698799944
59,port douglas,-16.4833,145.4667,25.23,56,100,2.44,AU,1698800117
60,villa yapacani,-17.4,-63.8333,22.83,97,99,1.1,BO,1698800117
61,lihue,21.9789,-159.3672,26.87,64,44,1.3,US,1698799993
62,invercargill,-46.4,168.35,13.34,83,96,3.13,NZ,1698799660
63,ancud,-41.8697,-73.8203,6.43,80,3,2.81,CL,1698799930
64,longyearbyen,78.2186,15.6401,-7.09,68,40,4.12,SJ,1698799925
65,hasaki,35.7333,140.8333,21.27,62,0,1.36,JP,1698800118
66,anadyr,64.75,177.4833,-2.72,93,75,5.0,RU,1698800005
67,namasuba,0.6894,32.4214,17.36,97,100,0.38,UG,1698800119
68,al jahra',29.3375,47.6581,26.46,59,41,1.1,KW,1698800119
69,puerto natales,-51.7236,-72.4875,2.67,88,15,2.07,CL,1698799887
70,geraldton,-28.7667,114.6,25.23,31,0,5.66,AU,1698799942
71,wotho,10.1657,166.0102,28.28,76,100,6.43,MH,1698800120
72,n'zeto,-7.2312,12.8666,25.32,84,74,1.94,AO,1698800120
73,whitehorse,60.7161,-135.0538,2.43,94,75,2.06,CA,1698799884
74,hermanus,-34.4187,19.2345,15.74,82,100,6.79,ZA,1698799886
75,villa gesell,-37.2639,-56.973,10.03,65,100,5.13,AR,1698799920
76,tazovsky,67.4667,78.7,-14.14,92,100,3.91,RU,1698799988
77,eastham,41.8301,-69.9739,6.08,66,100,4.15,US,1698800122
78,ust-nera,64.5667,143.2,-13.07,95,100,2.5,RU,1698799927
79,port mathurin,-19.6833,63.4167,24.87,76,4,7.78,MU,1698799944
80,broken hill,-31.95,141.4333,19.28,24,0,5.17,AU,1698799911
81,escarcega,18.6089,-90.7454,24.22,73,100,2.25,MX,1698800123
82,mossel bay,-34.1831,22.146,13.96,91,98,4.51,ZA,1698799946
83,udachny,66.4167,112.4,-27.53,75,96,1.84,RU,1698799876
84,praia da vitoria,38.7333,-27.0667,17.64,82,20,4.52,PT,1698800045
85,petropavlovsk-kamchatsky,53.0452,158.6483,1.33,64,20,1.0,RU,1698799909
86,tsiombe,-25.3,45.4833,20.96,84,100,6.98,MG,1698800002
87,iqaluit,63.7506,-68.5145,-7.15,86,100,11.32,CA,1698799907
88,paita,-5.0892,-81.1144,20.35,84,51,6.31,PE,1698800124
89,wailua homesteads,22.0669,-159.378,26.53,64,40,2.57,US,1698799929
90,aasiaat,68.7098,-52.8699,2.57,66,100,9.55,GL,1698799918
91,santa cruz,-17.8,-63.1667,23.7,78,75,2.06,BO,1698800044
92,freeport,40.6576,-73.5832,10.57,67,100,1.34,US,1698800125
93,namibe,-15.1961,12.1522,17.71,80,3,0.33,AO,1698799951
94,rikaze,29.25,88.8833,2.19,61,99,1.46,CN,1698799981
95,san patricio,28.017,-97.5169,13.8,41,0,4.0,US,1698799983
96,grytviken,-54.2811,-36.5092,0.82,92,99,0.15,GS,1698799878
97,port elizabeth,-33.918,25.5701,16.29,89,40,4.63,ZA,1698800025
98,maryville,35.7565,-83.9705,7.87,63,3,2.24,US,1698800000
99,saint-pierre,-21.3393,55.4781,22.82,60,0,3.6,RE,1698800001
100,hithadhoo,-0.6,73.0833,27.22,79,100,5.1,MV,1698799896
101,kittila,67.6647,24.8936,-14.92,85,0,1.03,FI,1698800127
102,nova vicosa,-17.8919,-39.3719,24.7,79,100,5.72,BR,1698800077
103,pacific grove,36.6177,-121.9166,20.84,50,100,0.45,US,1698800128
104,vorgashor,67.5833,63.95,-11.79,96,100,2.01,RU,1698800129
105,bredasdorp,-34.5322,20.0403,15.85,83,100,6.08,ZA,1698799910
106,porto novo,6.4965,2.6036,26.9,81,100,1.09,BJ,1698799977
107,bu'aale,1.0833,42.5833,23.92,92,97,1.65,SO,1698800130
108,utrik,11.2278,169.8474,28.16,75,72,7.58,MH,1698799883
109,puerto baquerizo moreno,-0.9,-89.6,23.27,80,87,4.28,EC,1698800130
110,san antonio de pale,-1.4014,5.6325,26.54,84,100,4.86,GQ,1698799958
111,talnakh,69.4865,88.3972,-17.11,96,100,2.93,RU,1698799967
112,batibo,5.8358,9.8553,18.47,93,98,0.16,CM,1698800131
113,trapani,37.8333,12.6667,17.72,74,100,1.1,IT,1698800131
114,champerico,14.3,-91.9167,25.3,85,100,3.49,GT,1698800132
115,dul'durga,50.6761,113.5931,-3.79,71,100,0.18,RU,1698800132
116,sungai penuh,-2.0833,101.3833,21.71,82,98,0.55,ID,1698800133
117,fougamou,-1.2154,10.5838,23.07,98,100,0.07,GA,1698800133
118,xinzhi,36.4989,111.7047,19.63,47,0,2.02,CN,1698800134
119,bethel,41.3712,-73.414,8.6,75,100,0.0,US,1698799718
120,hamilton,39.1834,-84.5333,2.97,57,0,10.8,US,1698799874
121,carnarvon,-24.8667,113.6333,23.2,65,0,5.79,AU,1698799948
122,ibiza,38.9088,1.433,19.01,65,20,3.09,ES,1698800040
123,palikir - national government center,6.9248,158.1611,30.47,74,100,2.06,FM,1698800065
124,college,64.8569,-147.8028,0.81,77,75,1.54,US,1698799966
125,mahriz,31.5917,54.4318,16.28,43,100,1.4,IR,1698800135
126,galveston,29.3669,-94.9669,13.88,48,0,3.13,US,1698800136
127,bardai,11.65,7.2333,23.39,22,100,3.77,NG,1698799918
128,kodiak,57.79,-152.4072,7.73,100,100,7.2,US,1698799895
129,novodvinsk,64.4165,40.8122,-8.45,97,48,1.52,RU,1698800063
130,ibotirama,-12.1853,-43.2206,27.84,42,100,1.0,BR,1698799895
131,tutoia,-2.7619,-42.2744,26.61,79,10,4.15,BR,1698800137
132,tromso,69.6496,18.957,1.01,86,75,4.12,NO,1698800138
133,saldanha,-33.0117,17.9442,17.03,64,100,3.59,ZA,1698799909
134,maceio,-9.6658,-35.7353,24.69,83,40,2.57,BR,1698799998
135,tempoal de sanchez,21.5167,-98.3833,12.34,71,100,0.71,MX,1698800139
136,galle,6.0367,80.217,24.41,92,100,2.27,LK,1698800139
137,bilibino,68.0546,166.4372,-13.81,93,72,1.98,RU,1698799919
138,dunedin,-45.8742,170.5036,20.6,75,42,2.24,NZ,1698800018
139,tura,25.5198,90.2201,20.23,78,6,1.46,IN,1698799943
140,nar'yan-mar,67.6713,53.087,-10.5,97,99,2.68,RU,1698799900
141,arti,56.4234,58.5328,-2.43,94,100,3.06,RU,1698800140
142,santo antonio do ica,-3.1022,-67.9397,25.02,92,91,0.23,BR,1698800141
143,bemidji,47.4736,-94.8803,-3.94,88,0,1.54,US,1698799963
144,ilulissat,69.2167,-51.1,2.71,60,100,5.67,GL,1698799880
145,robertsganj,24.7,83.0667,19.39,73,100,1.5,IN,1698800142
146,san-pedro,4.7485,-6.6363,25.43,90,100,2.57,CI,1698800142
147,constantia,44.1833,28.65,17.61,79,65,6.48,RO,1698799776
148,bonny,4.4522,7.1681,25.66,87,100,2.77,NG,1698800070
149,vilyuysk,63.7553,121.6247,-15.0,96,100,1.79,RU,1698800143
150,saipan,15.1355,145.701,31.39,74,40,6.17,MP,1698799924
151,luderitz,-26.6481,15.1594,15.96,66,6,0.99,NA,1698800033
152,dhuusamarreeb,5.535,46.3861,25.04,80,17,4.25,SO,1698800144
153,birao,10.2849,22.7882,24.19,70,49,2.16,CF,1698800144
154,fortuna,40.5982,-124.1573,16.63,65,0,3.09,US,1698799999
155,kruisfontein,-34.0033,24.7314,11.93,89,81,1.82,ZA,1698800039
156,el abiodh sidi cheikh,32.893,0.5484,20.63,25,100,3.66,DZ,1698800145
157,port alfred,-33.5906,26.891,15.1,90,95,6.24,ZA,1698799792
158,ati,13.2154,18.3353,29.18,18,97,6.12,TD,1698800146
159,guapiles,10.2159,-83.7866,25.96,98,100,1.3,CR,1698800146
160,mahina,-17.5065,-149.489,28.87,65,75,2.57,PF,1698800146
161,ola,59.5833,151.2833,0.08,76,100,7.3,RU,1698800025
162,newman,37.3138,-121.0208,20.72,44,97,1.79,US,1698800147
163,dudinka,69.4058,86.1778,-16.85,97,88,0.89,RU,1698799983
164,qaqortoq,60.7167,-46.0333,1.58,99,100,4.49,GL,1698799959
165,codrington,-38.2667,141.9667,15.03,55,100,5.11,AU,1698799953
166,barbastro,42.0356,0.1269,9.3,77,20,2.1,ES,1698800148
167,ponto novo,-10.8628,-40.1336,28.18,44,75,3.12,BR,1698800148
168,olonkinbyen,70.9221,-8.7187,2.23,67,100,4.5,SJ,1698799881
169,kutoarjo,-7.7169,109.9128,30.13,61,2,1.82,ID,1698800149
170,mar del plata,-38.0023,-57.5575,9.97,63,75,3.6,AR,1698800150
171,pisco,-13.7,-76.2167,19.45,82,0,8.75,PE,1698800078
172,visby,57.6409,18.296,6.12,93,100,7.72,SE,1698800150
173,maymana,35.9214,64.7836,10.36,60,6,1.47,AF,1698800151
174,matoury,4.8483,-52.3317,26.98,89,0,0.51,GF,1698800151
175,kingston,17.997,-76.7936,27.53,93,40,7.2,JM,1698799974
176,la passe,45.5549,-0.8967,12.21,78,76,7.27,FR,1698800047
177,howard springs,-12.497,131.047,32.71,56,78,1.28,AU,1698799915
178,hsinchu,24.8036,120.9686,26.99,65,6,1.79,TW,1698800152
179,gizo,-8.103,156.8419,28.13,80,87,3.87,SB,1698800152
180,nadvoitsy,63.8667,34.3167,-4.76,86,100,3.63,RU,1698800153
181,acapulco de juarez,16.8634,-99.8901,26.98,84,32,2.17,MX,1698799887
182,moree,-29.4667,149.85,28.11,14,59,5.21,AU,1698800153
183,mangai,-4.05,19.5333,21.56,96,100,0.74,CD,1698800154
184,uturoa,-16.7333,-151.4333,26.36,77,11,9.49,PF,1698799875
185,kupino,54.3663,77.2981,-11.16,97,66,1.86,RU,1698800154
186,coahuayana de hidalgo,18.7,-103.6583,25.93,89,17,1.3,MX,1698800155
187,pingliang,35.5392,106.6861,14.28,51,0,1.39,CN,1698800032
188,albany,42.6001,-73.9662,4.8,75,87,0.87,US,1698799741
189,necochea,-38.5473,-58.7368,6.42,73,100,2.94,AR,1698800155
190,ribeira grande,38.5167,-28.7,19.87,79,99,7.15,PT,1698799963
191,zambezi,-13.5432,23.1047,19.48,90,85,1.56,ZM,1698800156
192,jiagedaqi,50.4167,124.1167,-2.44,59,10,1.34,CN,1698800156
193,greymouth,-42.4667,171.2,15.9,49,100,2.5,NZ,1698799932
194,rakaw,53.9674,27.0562,10.92,87,96,2.91,BY,1698800157
195,sibiti,-3.6819,13.3499,19.55,99,100,0.53,CG,1698800157
196,alice springs,-23.7,133.8833,26.75,17,17,8.23,AU,1698800158
197,kenai,60.5544,-151.2583,7.05,70,75,1.54,US,1698800158
198,sur,22.5667,59.5289,24.69,62,16,1.03,OM,1698800080
199,zouerate,22.7187,-12.4521,26.15,25,0,4.44,MR,1698800056
200,mugia,43.1041,-9.2179,15.65,67,63,10.92,ES,1698800160
201,solnechnyy,50.7214,136.6319,0.57,56,32,0.39,RU,1698800160
202,orchard homes,46.8633,-114.0484,2.55,79,98,0.45,US,1698800161
203,naze,28.3667,129.4833,24.51,64,16,4.73,JP,1698799818
204,argo,37.6333,22.7333,20.44,43,99,1.76,GR,1698800161
205,vangaindrano,-23.35,47.6,21.55,94,100,0.83,MG,1698800162
206,yulinshi,38.2906,109.7494,14.82,28,0,1.6,CN,1698800162
207,betio village,1.358,172.9211,31.02,71,24,1.3,KI,1698800163
208,lompoc,34.6391,-120.4579,25.08,26,20,3.09,US,1698799957
209,eyl,7.9803,49.8164,26.62,78,64,5.15,SO,1698800058
210,puerto libertad,-25.9164,-54.6209,23.05,88,75,0.91,AR,1698800164
211,fitzgerald,31.7149,-83.2526,16.79,63,100,4.63,US,1698800164
212,kenora,49.8167,-94.4337,-6.46,79,75,4.63,CA,1698800165
213,xai-xai,-25.0519,33.6442,16.13,95,100,5.31,MZ,1698800166
214,walvis bay,-22.9575,14.5053,15.05,94,4,2.57,NA,1698800166
215,las khorey,11.1595,48.1967,26.12,79,98,3.58,SO,1698800167
216,klyuchi,52.2667,79.1667,-1.08,87,94,3.39,RU,1698799950
217,cole harbour,44.6724,-63.4751,3.71,79,86,3.6,CA,1698800167
218,klaksvik,62.2266,-6.589,5.51,60,12,9.7,FO,1698800168
219,taoudenni,22.6783,-3.9836,29.54,14,0,2.68,ML,1698799898
220,punta arenas,-53.15,-70.9167,6.06,65,0,8.23,CL,1698799917
221,remire-montjoly,4.9167,-52.2667,27.02,89,0,0.51,GF,1698799947
222,usinsk,65.9939,57.5281,-7.74,94,98,4.92,RU,1698800060
223,jos,9.9167,8.9,20.01,31,100,0.69,NG,1698800069
224,galliano,29.4422,-90.2992,14.0,41,75,5.66,US,1698800169
225,taksimo,56.3444,114.8794,-12.9,76,73,1.24,RU,1698800170
226,yeysk,46.6989,38.2792,13.05,67,3,4.47,RU,1698800170
227,langzhong,31.5504,105.9938,17.5,75,0,0.99,CN,1698800171
228,waingapu,-9.6567,120.2641,31.01,58,5,5.49,ID,1698800172
229,jutai,-5.1833,-68.9,23.79,97,63,0.12,BR,1698800172
230,russkaya polyana,49.417,31.9201,13.77,77,19,6.23,UA,1698800083
231,kozhevnikovo,56.2589,83.9714,-9.86,92,21,1.14,RU,1698800173
232,sao vicente,-23.9631,-46.3919,26.26,59,100,2.24,BR,1698800173
233,bubaque,11.2833,-15.8333,28.96,79,12,4.45,GW,1698799981
234,rexburg,43.826,-111.7897,4.12,43,53,1.2,US,1698800174
235,moranbah,-22.0016,148.0466,33.95,20,95,2.71,AU,1698800175
236,nuuk,64.1835,-51.7216,2.62,87,100,3.6,GL,1698799952
237,acarau,-2.8856,-40.12,26.04,80,14,4.32,BR,1698799900
238,jaciara,-15.9653,-54.9683,27.46,44,86,1.4,BR,1698799893
239,al majaridah,19.1236,41.9111,27.62,62,83,0.56,SA,1698800176
240,gazojak,41.1875,61.4036,9.04,60,0,2.75,TM,1698800176
241,ballina,-28.8667,153.5667,20.99,66,100,6.68,AU,1698800177
242,nurdagi,37.1773,36.7419,20.09,44,89,1.89,TR,1698800177
243,kudahuvadhoo,2.6708,72.8944,27.52,74,96,2.33,MV,1698800178
244,ovalle,-30.5983,-71.2003,17.37,52,62,1.25,CL,1698800178
245,viana do castelo,41.6932,-8.8329,16.02,91,100,6.98,PT,1698800017
246,enewetak,11.3474,162.3373,28.58,77,100,7.55,MH,1698799883
247,nampula,-15.1165,39.2666,21.97,88,75,3.6,MZ,1698800120
248,salekhard,66.53,66.6019,-9.71,96,100,1.87,RU,1698799942
249,touros,-5.1989,-35.4608,25.65,77,4,4.85,BR,1698800180
250,shwebo,22.5667,95.7,22.8,82,46,2.11,MM,1698800180
251,bhimunipatnam,17.8833,83.4333,24.73,79,21,3.75,IN,1698800181
252,manado,1.487,124.8455,32.43,58,20,2.06,ID,1698800181
253,kislovodsk,43.9133,42.7208,13.62,56,0,2.6,RU,1698800182
254,gaiman,-43.2897,-65.4929,6.41,58,10,4.68,AR,1698799998
255,badger,64.8,-147.5333,0.76,81,75,1.54,US,1698799905
256,cambridge,43.3601,-80.3127,1.6,75,100,3.09,CA,1698800102
257,cabeza del buey,38.7223,-5.2195,10.33,74,1,1.92,ES,1698800183
258,alofi,-19.0595,-169.9187,25.94,83,75,5.14,NU,1698800184
259,carlisle,40.2015,-77.1889,6.66,60,7,0.16,US,1698800184
260,kourou,5.1552,-52.6478,27.03,88,45,3.01,GF,1698800184
261,sinabang,2.4803,96.3801,25.54,84,100,2.36,ID,1698800185
262,cold lake,54.4502,-110.2017,-2.03,80,75,4.12,CA,1698799888
263,playas,-2.6333,-80.3833,23.45,86,100,5.04,EC,1698800186
264,malvan,16.0667,73.4667,24.72,68,14,3.38,IN,1698799893
265,el fasher,13.6279,25.3494,27.9,22,100,5.55,SD,1698800187
266,port macquarie,-31.4333,152.9167,19.94,61,100,2.2,AU,1698799689
267,novobataysk,46.8981,39.7819,12.95,75,4,3.46,RU,1698800188
268,zheleznodorozhnyy,55.7503,38.0042,10.24,98,94,1.34,RU,1698800188
269,flying fish cove,-10.4217,105.6791,26.82,78,75,5.66,CX,1698799889
270,hadibu,12.65,54.0333,26.07,77,27,4.7,YE,1698800037
271,san pedro del parana,-26.8333,-56.2,20.16,89,5,2.61,PY,1698800189
272,kayes,14.0,-11.0,28.59,40,4,0.7,ML,1698800190
273,coronado,32.6859,-117.1831,26.71,20,8,3.58,US,1698800190
274,weno,7.4515,151.8468,27.35,82,95,7.43,FM,1698799922
275,dauphin,51.1494,-100.0502,-4.92,58,100,4.63,CA,1698800191
276,nogliki,51.8333,143.1667,2.41,71,100,1.34,RU,1698800191
277,nagqu,31.5,92.0,-6.01,81,16,1.78,CN,1698800046
278,cuenca,-2.8833,-78.9833,15.07,82,75,2.57,EC,1698800192
279,irece,-11.3042,-41.8558,28.17,33,96,1.6,BR,1698800192
280,malakal,9.5334,31.6605,24.82,75,100,0.24,SS,1698800193
281,velika gorica,45.7125,16.0756,10.58,93,20,0.51,HR,1698800193
282,yeppoon,-23.1333,150.7333,29.88,53,100,5.13,AU,1698800194
283,manoc-manoc,11.9416,121.9428,28.04,79,98,3.17,PH,1698800194
284,mount gambier,-37.8333,140.7667,15.76,50,100,3.17,AU,1698799916
285,st. john's,47.5649,-52.7093,3.09,85,20,4.63,CA,1698799913
286,new norfolk,-42.7826,147.0587,19.4,39,6,2.38,AU,1698800195
287,kuanda,56.3161,116.0806,-14.27,84,55,0.92,RU,1698800042
288,selkirk,50.1436,-96.8845,-6.96,80,97,2.24,CA,1698800186
289,zarghun shahr,32.8473,68.4457,9.92,48,100,1.1,AF,1698800196
290,gassol,8.5333,10.4667,25.16,79,100,1.69,NG,1698800197
291,kinana,14.0361,33.1712,29.91,30,93,3.66,SD,1698800197
292,levuka,50.1834,-105.4011,-0.15,86,75,6.17,CA,1698800197
293,grantsville,40.5999,-112.4644,8.13,43,0,0.89,US,1698800198
294,ishigaki,24.3448,124.1572,27.07,74,20,7.72,JP,1698800198
295,petawawa,45.9001,-77.3328,1.44,60,100,1.8,CA,1698799919
296,fort bragg,35.139,-79.006,9.08,93,100,3.6,US,1698799917
297,kone,-21.0595,164.8658,27.45,42,5,2.7,NC,1698800199
298,mandera,3.9366,41.867,25.95,75,37,4.94,KE,1698800199
299,magadan,59.5667,150.8,-0.26,84,100,6.63,RU,1698800200
300,namanyere,-7.5167,31.05,19.33,52,100,3.81,TZ,1698800200
301,caleta de carquin,-11.0925,-77.6267,19.43,85,89,4.35,PE,1698800003
302,al hazm,16.1641,44.7769,23.02,41,83,1.74,YE,1698800201
303,port-cartier,50.0334,-66.8654,0.42,60,4,3.67,CA,1698800201
304,santa ines,-3.6667,-45.38,26.87,70,91,3.24,BR,1698800202
305,kashin,57.3592,37.6081,7.74,97,100,6.57,RU,1698800202
306,phayao,19.25,100.25,22.83,90,37,0.56,TH,1698800203
307,daru,-9.0763,143.2092,27.3,70,95,5.03,PG,1698800006
308,tadepallegudem,16.8333,81.5,23.19,85,57,2.5,IN,1698800203
309,mount isa,-20.7333,139.5,35.87,17,0,3.09,AU,1698799980
310,midvagur,62.0511,-7.1939,5.46,60,8,6.69,FO,1698800204
311,island harbour,50.724,-1.2758,15.52,91,100,3.13,GB,1698800204
312,priob'ye,62.5206,65.5964,-7.25,95,100,2.86,RU,1698800205
313,la gi,10.6667,107.7833,27.29,78,37,2.18,VN,1698800205
314,shimoda,34.6667,138.95,20.06,67,0,0.67,JP,1698800206
315,saint-philippe,-21.3585,55.7679,22.77,85,100,2.72,RE,1698800207
316,kimbe,-5.5502,150.1429,28.68,82,53,1.57,PG,1698800068
317,boulder city,35.9786,-114.8325,19.22,5,0,4.12,US,1698800207
318,katsuura,35.1333,140.3,20.06,66,0,1.42,JP,1698800208
319,sorong,-0.8833,131.25,28.52,72,98,0.21,ID,1698799938
320,fukuecho,32.6881,128.8419,21.2,68,20,1.54,JP,1698800208
321,east london,-33.0153,27.9116,14.61,82,57,3.73,ZA,1698799986
322,kisaran,2.9845,99.6158,24.79,93,100,1.24,ID,1698800209
323,warmbad,-28.45,18.7333,19.85,51,94,10.39,NA,1698800209
324,hovd,48.0056,91.6419,4.41,44,100,6.3,MN,1698800210
325,kharp,66.8014,65.8081,-11.2,97,100,0.98,RU,1698800210
326,tiksi,71.6872,128.8694,-13.39,96,100,6.23,RU,1698799921
327,kaohsiung,22.6163,120.3133,28.35,71,40,2.06,TW,1698800026
328,avarua,-21.2078,-159.775,25.03,73,75,6.69,CK,1698799909
329,selfoss,63.9331,-20.9971,2.8,76,15,4.07,IS,1698799976
330,ashti,19.3833,76.2333,18.31,73,6,1.85,IN,1698800211
331,birjand,32.8663,59.2211,7.26,57,23,3.09,IR,1698800212
332,kardla,58.9978,22.7492,8.36,98,100,2.92,EE,1698800212
333,palmer,42.1584,-72.3287,5.79,76,59,0.83,US,1698800213
334,bukama,-9.2,25.85,21.43,89,100,1.67,CD,1698800072
335,ghadamis,30.1337,9.5007,24.17,22,3,3.24,LY,1698800213
336,albu kamal,34.45,40.9186,22.57,34,84,2.16,SY,1698800214
337,muang xay,20.7,101.9833,21.36,69,29,0.92,LA,1698800214
338,les sables-d'olonne,46.6667,-1.8333,13.44,77,100,12.13,FR,1698800214
339,ojinaga,29.5667,-104.4167,14.21,30,0,4.65,MX,1698800215
340,krasnik,50.9236,22.2271,9.93,86,100,5.31,PL,1698800215
341,praya,14.9215,-23.5087,26.3,83,75,5.66,CV,1698800172
342,malango,-2.9627,119.9001,28.14,51,78,1.68,ID,1698799994
343,lewistown,40.5992,-77.5714,5.34,87,100,0.0,US,1698800216
344,watsa,3.0372,29.5355,18.19,99,100,1.31,CD,1698800216
345,ves'yegonsk,58.664,37.2604,4.59,98,100,4.58,RU,1698800217
346,smithers,54.7804,-127.1743,1.18,69,100,1.54,CA,1698799997
347,tofol,5.3248,163.0078,28.46,71,95,3.23,FM,1698799947
348,cabo san lucas,22.8909,-109.9124,28.62,68,16,0.89,MX,1698799838
349,kailua-kona,19.6406,-155.9956,29.43,80,1,3.13,US,1698800058
350,dakhla,23.6848,-15.958,20.79,87,0,7.0,EH,1698800218
351,boa vista,2.8197,-60.6733,31.99,51,0,1.54,BR,1698800053
352,salina,38.8403,-97.6114,0.06,54,1,1.57,US,1698800123
353,sweetwater,25.7634,-80.3731,27.79,84,80,3.04,US,1698800219
354,muromtsevo,56.3724,75.2418,-10.51,95,30,2.02,RU,1698800219
355,arraial do cabo,-22.9661,-42.0278,23.98,88,100,0.51,BR,1698799779
356,ivolginsk,51.7492,107.2837,-4.19,63,20,2.0,RU,1698800220
357,cananeia,-25.0147,-47.9267,21.06,96,100,2.55,BR,1698800220
358,itoman,26.1247,127.6694,27.43,69,20,5.66,JP,1698799922
359,sharifabad,35.4202,51.7926,18.48,43,100,1.51,IR,1698800221
360,xilin hot,43.9667,116.0333,6.56,57,6,2.7,CN,1698800221
361,mramani,-12.3464,44.5286,25.57,83,76,2.69,KM,1698800221
362,luganville,-15.5333,167.1667,26.84,78,43,6.54,VU,1698800010
363,ceeldheer,3.8488,47.1806,26.62,82,91,4.01,SO,1698800014
364,afaahiti,-17.75,-149.2833,27.93,83,50,9.84,PF,1698800063
365,roma,43.2128,-75.4557,3.18,85,60,0.45,US,1698800223
366,antsiranana,-12.2787,49.2917,24.06,80,8,6.19,MG,1698799975
367,vila franca do campo,37.7167,-25.4333,19.23,99,84,3.31,PT,1698800224
368,allada,6.6655,2.1514,26.42,84,100,1.39,BJ,1698800073
369,miquelon,47.0975,-56.3814,4.0,57,28,5.49,PM,1698800006
370,northam,51.0333,-4.2167,16.48,97,100,10.45,GB,1698800149
371,marshfield,44.6689,-90.1718,-1.03,80,100,3.6,US,1698799915
372,san andres,12.5847,-81.7006,28.01,83,40,2.06,CO,1698800225
373,sitka,57.0531,-135.33,7.58,82,100,1.39,US,1698800067
374,minot air force base,48.4209,-101.3391,-7.92,90,97,4.01,US,1698800226
375,chonchi,-42.6128,-73.8092,9.56,90,3,1.2,CL,1698800030
376,kalmunai,7.4167,81.8167,25.61,86,97,1.84,LK,1698800226
377,tokar,18.4254,37.729,28.54,73,30,5.04,SD,1698800227
378,pitkyaranta,61.5734,31.4792,-1.94,95,100,9.44,RU,1698800227
379,manosque,43.8288,5.7869,8.43,85,100,1.56,FR,1698800228
380,kotlas,61.2611,46.6556,-5.53,95,100,0.89,RU,1698800228
381,igarka,67.4667,86.5833,-18.11,96,95,2.7,RU,1698799934
382,mopti,14.6667,-4.0,28.36,10,0,3.79,ML,1698800229
383,fale old settlement,-9.3852,-171.2468,25.61,85,100,2.76,TK,1698799964
384,morondava,-20.2833,44.2833,25.82,76,100,3.12,MG,1698799904
385,el granada,37.5027,-122.4694,21.94,43,0,2.57,US,1698800230
386,claremore,36.3126,-95.6161,4.18,51,0,2.06,US,1698799980
387,sittwe,20.15,92.9,25.3,87,58,2.94,MM,1698800230
388,al ghayzah,16.2079,52.176,25.83,71,95,2.79,YE,1698799930
389,gobabis,-22.45,18.9667,16.88,82,0,8.67,NA,1698800231
390,la ceiba,15.7597,-86.7822,23.9,83,75,2.57,HN,1698800231
391,sambava,-14.2667,50.1667,22.47,88,6,2.85,MG,1698800074
392,pico truncado,-46.7949,-67.9573,6.47,60,1,7.3,AR,1698800232
393,jinxiang,27.4327,120.6062,20.93,73,21,2.49,CN,1698800232
394,zalingei,12.9096,23.4741,25.15,46,56,0.37,SD,1698800233
395,urucui,-7.2294,-44.5561,29.09,37,22,1.04,BR,1698800233
396,al kharijah,25.4514,30.5464,23.1,54,0,3.77,EG,1698800234
397,bonthe,7.5264,-12.505,24.13,90,100,4.37,SL,1698800234
398,puerto armuelles,8.2833,-82.8667,27.27,75,100,4.47,PA,1698799987
399,bandikui,27.05,76.5667,20.28,48,0,1.66,IN,1698800235
400,ulsteinvik,62.3432,5.8487,1.53,68,42,2.68,NO,1698800051
401,paredon,16.0333,-93.8667,26.41,69,100,7.61,MX,1698800235
402,dryden,49.7833,-92.7503,-4.84,80,100,4.12,CA,1698800236
403,usogorsk,63.4106,48.6872,-7.41,96,94,2.09,RU,1698800237
404,mermoz boabab,14.7065,-17.4758,27.88,89,0,2.06,SN,1698799987
405,labrador city,52.9463,-66.9114,-5.05,68,75,4.12,CA,1698800236
406,mu'minobod,38.1085,70.0285,10.35,68,100,1.59,TJ,1698800237
407,kabrai,25.4167,80.0167,20.99,57,22,1.27,IN,1698800238
408,aykhal,66.0,111.5,-26.1,100,94,2.73,RU,1698800238
409,nsanje,-16.92,35.262,20.75,86,100,2.45,MW,1698800239
410,labasa,-16.4167,179.3833,29.4,71,99,3.63,FJ,1698800011
411,rabaul,-4.1967,152.1721,28.06,75,19,1.73,PG,1698800014
412,camarinas,43.1311,-9.1817,16.21,68,66,10.59,ES,1698800240
413,sola,-13.8833,167.55,26.35,81,35,10.32,VU,1698800017
414,kili,5.6439,169.1211,28.48,72,27,3.21,MH,1698800240
415,isafjordur,66.0755,-23.124,0.84,71,0,1.98,IS,1698799960
416,beolgyo,34.8449,127.3429,19.38,64,0,1.98,KR,1698800241
417,haiku-pauwela,20.9219,-156.3051,28.43,67,20,5.14,US,1698799972
418,richards bay,-28.783,32.0377,15.47,91,97,1.6,ZA,1698800081
419,lerwick,60.1545,-1.1494,2.0,52,95,5.98,GB,1698799992
420,nouadhibou,20.931,-17.0347,22.99,73,5,6.17,MR,1698800127
421,ivdel',60.6911,60.4206,-7.76,97,76,0.89,RU,1698800242
422,kyzylorda,44.8528,65.5092,0.01,93,0,3.0,KZ,1698800243
423,north bend,43.4065,-124.2243,14.58,82,75,1.54,US,1698800156
424,san ignacio,17.1561,-89.0714,25.08,94,0,3.09,BZ,1698800243
425,hanceville,34.0607,-86.7675,9.19,35,0,5.32,US,1698800063
426,oamaru,-45.0784,170.9801,14.1,85,60,3.25,NZ,1698800244
427,verkhneyarkeyevo,55.4505,54.3145,0.28,95,100,1.62,RU,1698800244
428,claremont,34.0967,-117.7198,27.32,13,0,2.06,US,1698800245
429,taltal,-25.4,-70.4833,17.92,69,0,2.02,CL,1698800245
430,gadzhiyevo,69.2551,33.3362,-2.71,88,96,3.7,RU,1698800246
431,shadrinsk,56.0852,63.6335,-7.38,99,95,2.76,RU,1698800246
432,jinzhou,41.1078,121.1417,11.13,32,100,4.31,CN,1698800247
433,ostersund,63.1792,14.6357,-5.22,93,100,5.14,SE,1698799950
434,colesberg,-30.72,25.0972,11.66,46,14,0.45,ZA,1698800247
435,ad dilam,23.9915,47.1627,24.23,60,3,1.99,SA,1698800248
436,sandersville,32.9815,-82.8101,14.75,52,36,4.2,US,1698800146
437,saint-joseph,-21.3667,55.6167,22.21,86,100,2.62,RE,1698800248
438,wenchang,30.904,118.4887,23.22,46,0,2.15,CN,1698800249
439,karratha,-20.7377,116.8463,30.06,26,0,3.1,AU,1698800059
440,brookings,44.3114,-96.7984,-3.86,79,100,1.78,US,1698800249
441,bulungu,-4.55,18.6,21.4,94,100,0.92,CD,1698800250
442,grand-bassam,5.2118,-3.7388,26.98,89,100,1.83,CI,1698800252
443,port erin,54.0849,-4.751,11.64,89,100,12.12,IM,1698800252
444,zverevo,48.0211,40.1228,11.88,81,3,2.91,RU,1698800252
445,luanda,-8.8368,13.2343,24.71,81,100,3.32,AO,1698800253
446,aroma,15.8167,36.1333,27.55,64,32,3.75,SD,1698800254
447,qui nhon,13.7667,109.2333,26.31,88,100,5.63,VN,1698799913
448,chebba,35.2372,11.115,21.91,72,95,2.38,TN,1698800255
449,izki,22.9333,57.7667,23.23,53,9,0.89,OM,1698800255
450,laguna,38.421,-121.4238,23.05,26,0,2.06,US,1698800064
451,arauco,-37.2463,-73.3175,8.1,71,94,3.95,CL,1698800256
452,chibougamau,49.9168,-74.3659,-5.21,74,100,2.57,CA,1698800126
453,port saint john's,-31.6229,29.5448,13.28,86,66,2.32,ZA,1698800256
454,san jose de feliciano,-30.3845,-58.7517,11.4,96,100,8.38,AR,1698800257
455,opuwo,-18.0607,13.84,18.69,20,0,1.68,NA,1698800257
456,nchelenge,-9.3451,28.734,24.44,62,68,2.66,ZM,1698800258
457,ciudad lazaro cardenas,17.9583,-102.2,26.8,84,13,1.74,MX,1698799967
458,kita,13.0349,-9.4895,26.5,45,8,1.14,ML,1698800258
459,inari,68.906,27.0288,-12.89,97,52,1.47,FI,1698800121
460,minas de marcona,-15.2119,-75.1103,14.76,82,38,5.56,PE,1698799897
461,old town,50.087,14.4202,11.67,84,0,7.2,CZ,1698800259
462,gunjur,13.2019,-16.7339,26.04,83,0,0.0,GM,1698800260
463,isangel,-19.55,169.2667,25.08,63,51,5.85,VU,1698799968
464,silsbee,30.3491,-94.178,13.86,56,0,3.47,US,1698800260
465,keflavik,64.0049,-22.5624,3.24,81,20,6.17,IS,1698799996
466,longonjo,-12.9067,15.2533,19.16,84,69,1.48,AO,1698800261
467,hastings,50.8552,0.5729,14.73,89,100,11.13,GB,1698800262
468,khandyga,62.6667,135.6,-11.26,93,100,0.98,RU,1698800034
469,jinji,23.2281,110.8261,22.23,72,1,1.33,CN,1698800262
470,sirte,31.2089,16.5887,24.25,37,1,4.78,LY,1698800263
471,vrangel',42.7297,133.0839,13.04,70,93,3.49,RU,1698800263
472,zapolyarnyy,69.4154,30.8136,-2.4,98,64,2.14,RU,1698800263
473,yuzhno-kurilsk,44.0306,145.8556,10.76,85,61,6.85,RU,1698800035
474,pearsall,28.8922,-99.095,11.45,37,0,3.69,US,1698800264
475,miracema do tocantins,-9.5618,-48.3967,28.58,38,94,1.05,BR,1698800264
476,korla,41.7597,86.1469,13.17,25,100,3.39,CN,1698800020
477,nebbi,2.4783,31.0889,19.85,89,100,1.64,UG,1698800265
478,vorkuta,67.5,64.0,-11.62,96,100,1.81,RU,1698800013
479,esikhaleni,-28.871,31.8996,15.64,89,100,1.72,ZA,1698800266
480,international falls,48.6011,-93.411,-5.54,80,48,2.93,US,1698800090
481,yung shue wan,22.2333,114.1167,25.68,70,43,1.79,HK,1698800266
482,mumford,5.2618,-0.759,26.4,87,99,2.03,GH,1698800267
483,puerto lempira,15.2667,-83.7667,27.08,83,20,3.09,HN,1698800267
484,xining,36.6167,101.7667,6.71,33,0,0.98,CN,1698799898
485,myeik,12.4333,98.6,26.02,83,87,2.22,MM,1698800079
486,okhotsk,59.3833,143.3,-1.09,94,100,3.69,RU,1698799962
487,svetlyy,54.675,20.1347,12.42,85,100,11.24,RU,1698800268
488,magumeri,12.1131,12.8274,25.76,19,100,4.04,NG,1698800268
489,sochaczew,52.2294,20.2384,10.67,81,100,6.61,PL,1698800269
490,severo-yeniseyskiy,60.3725,93.0408,-19.75,94,5,1.43,RU,1698800269
491,livingstone,-17.8419,25.8543,20.21,79,84,2.54,ZM,1698800270
492,sao joao da barra,-21.6403,-41.0511,25.05,96,100,3.63,BR,1698799965
493,pahrump,36.2083,-115.9839,18.3,13,13,0.45,US,1698800270
494,menongue,-14.6585,17.691,19.49,70,55,1.87,AO,1698800271
495,sao borja,-28.6606,-56.0044,21.64,92,0,3.17,BR,1698800257
496,aquiraz,-3.9014,-38.3911,28.35,83,13,5.08,BR,1698800271
497,buala,-8.145,159.5921,29.76,70,100,2.73,SB,1698800053
498,kristiansund,63.1115,7.732,1.36,55,100,6.69,NO,1698800272
499,tadine,-21.55,167.8833,22.59,58,66,4.52,NC,1698800272
500,oltinko'l,40.8011,72.1634,11.42,62,0,1.46,UZ,1698800272
501,liberty,31.8335,-81.5004,21.14,68,75,3.6,US,1698800021
502,bondoukou,8.0333,-2.8,23.42,85,100,2.02,CI,1698800273
503,benguela,-12.5763,13.4055,23.19,82,22,0.64,AO,1698800273
504,presidente medici,-11.1753,-61.9014,24.99,67,42,1.42,BR,1698800274
505,mitchell,43.7094,-98.0298,-5.7,46,100,2.01,US,1698800274
506,hobyo,5.3505,48.5268,27.36,77,47,3.34,SO,1698800275
507,westport,41.1415,-73.3579,9.39,72,100,3.13,US,1698799952
508,hammerfest,70.6634,23.6821,2.25,80,100,3.6,NO,1698800071
509,lionel town,17.8101,-77.2406,27.94,87,100,1.99,JM,1698800275
510,peterhead,57.5058,-1.7981,3.03,61,23,6.4,GB,1698799987
511,vanimo,-2.6741,141.3028,28.32,80,45,1.87,PG,1698800276
512,laojunmiao,39.8333,97.7333,8.81,21,14,1.62,CN,1698800276
513,inarajan village,13.2736,144.7484,31.33,84,21,6.04,GU,1698800277
514,dhidhdhoo,6.8833,73.1,27.91,75,85,4.81,MV,1698800278
515,thunder bay,48.4001,-89.3168,-2.01,54,75,5.14,CA,1698799965
516,damghan,36.1683,54.348,14.58,52,91,0.41,IR,1698800279
517,obock,12.25,43.0833,21.44,80,94,6.2,DJ,1698800279
518,lospalos,-8.5186,127.0025,28.13,63,55,5.0,TL,1698800280
519,valdivia,-39.8142,-73.2459,11.05,82,100,1.27,CL,1698800280
520,el haouaria,37.05,11.0144,21.01,64,100,1.69,TN,1698800280
521,durban,-29.8579,31.0292,11.51,82,48,1.67,ZA,1698800281
522,ribeira brava,32.65,-17.0667,21.51,81,0,1.12,PT,1698800281
523,sierra grande,-41.606,-65.3557,6.52,64,86,4.43,AR,1698800282
524,polyarnyy,69.1989,33.4478,-2.23,88,98,3.5,RU,1698800039
525,vera,-29.4593,-60.2126,13.16,90,100,5.99,AR,1698800283
526,nishinoomote,30.7333,131.0,22.31,78,20,2.57,JP,1698800283
527,novyy urgal,51.0736,132.5642,-3.33,38,0,1.32,RU,1698800283
528,nikolayevsk-on-amure,53.1406,140.73,-0.78,85,100,1.38,RU,1698800284
529,tamandare,-8.7597,-35.1047,24.37,76,13,2.75,BR,1698800284
530,charters towers,-20.1,146.2667,33.34,20,12,3.46,AU,1698800285
531,saynshand,44.8824,110.1163,6.73,56,100,4.94,MN,1698800285
532,port isabel,26.0734,-97.2086,11.71,67,100,1.79,US,1698800280
533,same,-4.0667,37.7333,19.06,91,19,1.06,TZ,1698800286
534,cangzhou,38.3167,116.8667,20.03,38,0,2.06,CN,1698800082
535,tapejara,-28.0681,-52.0139,16.22,95,16,3.22,BR,1698800114
536,lycksele,64.5954,18.6735,-5.32,93,100,2.06,SE,1698800287
537,eilat,29.5581,34.9482,24.91,47,0,0.0,IL,1698800287
538,mgandu,-5.95,34.1333,17.98,73,98,4.14,TZ,1698800288
539,mejit,10.2753,170.8646,27.97,79,100,7.91,MH,1698800036
540,kiunga,-6.1219,141.2906,27.93,77,98,0.87,PG,1698800288
541,gadani,25.1185,66.7299,26.12,44,11,1.86,PK,1698800289
542,itaituba,-4.2761,-55.9836,30.52,43,91,0.95,BR,1698800289
543,nowshera cantonment,33.9967,72.0131,19.32,48,80,0.89,PK,1698800127
544,shani,10.2162,12.062,26.52,27,100,1.76,NG,1698800290
545,lodeynoye pole,60.726,33.5531,2.36,94,100,5.49,RU,1698800290
546,newcastle,-32.9272,151.7765,22.03,55,75,5.66,AU,1698800020
547,tezu,27.9167,96.1667,20.94,55,0,1.35,IN,1698800291
548,amlapura,-8.45,115.6167,27.65,76,43,3.06,ID,1698800291
549,rio grande,-32.035,-52.0986,19.06,88,100,9.68,BR,1698800082
550,bushehr,28.9684,50.8385,24.05,60,40,0.0,IR,1698800292
551,cidreira,-30.1811,-50.2056,18.99,90,61,6.49,BR,1698800292
552,berezovyy,51.6667,135.7,0.54,35,0,2.3,RU,1698800292
553,ambon,-3.6954,128.1814,31.08,66,20,2.57,ID,1698800293
554,brisas barra de suchiate,14.55,-92.2167,26.1,80,100,4.85,MX,1698800293
555,lorengau,-2.0226,147.2712,29.11,70,36,0.59,PG,1698800073
556,torghay,49.6339,63.4981,7.96,83,89,6.31,KZ,1698800294
557,pueblo,38.2545,-104.6091,4.67,57,0,1.91,US,1698800032
558,goure,13.9835,10.2704,25.74,18,94,3.94,NE,1698800294
559,lamu,-2.2717,40.902,25.74,85,54,3.54,KE,1698800295
560,kaya,13.0917,-1.0844,27.14,24,75,2.75,BF,1698800295
561,ongjin,37.9347,125.3619,18.94,88,66,5.29,KP,1698800296
562,tolanaro,-25.0319,46.9987,20.04,94,75,6.17,MG,1698799905
563,langres,47.8333,5.3333,8.44,95,100,3.36,FR,1698800296
564,karaton,-6.3424,106.1045,28.66,68,41,1.19,ID,1698800297
565,melekeok village,7.4957,134.6367,29.3,71,30,3.39,PW,1698800297
566,anloga,5.7947,0.8973,27.69,81,100,4.8,GH,1698800059
567,loreto,22.2667,-101.9667,17.72,52,97,7.16,MX,1698800298
568,eceabat,40.1842,26.3574,18.29,81,100,4.22,TR,1698800298
569,timimoun,29.2639,0.231,23.21,18,0,2.06,DZ,1698800299
570,fedorovskiy,45.0972,40.9517,11.91,67,0,3.92,RU,1698800299
571,nabire,-3.3667,135.4833,29.17,70,65,1.43,ID,1698799971
572,faya-largeau,17.9257,19.1043,26.78,19,100,9.06,TD,1698800300
573,cill airne,52.05,-9.5167,11.06,96,100,2.7,IE,1698800300
574,holualoa,19.6228,-155.9522,27.36,80,20,4.12,US,1698799970
575,port lincoln,-34.7333,135.8667,14.85,57,5,5.46,AU,1698799954
576,nyurba,63.2842,118.3319,-18.53,96,100,1.63,RU,1698800301
577,tostado,-29.232,-61.7692,14.99,82,100,0.45,AR,1698800302
